FDSN:XX_TEST__B_H_Z, version 1, 2059 bytes (format: 3)
             start time: 2022-06-05T20:32:38.123456789Z (156)
      number of samples: 500
       sample rate (Hz): 20
                  flags: [00000000] 8 bits
                    CRC: 0xAC3F9380
    extra header length: 0 bytes
    data payload length: 2000 bytes
       payload encoding: 32-bit float (IEEE single) (val: 4)
Data:
     0.123   2.1229999   4.1230001   5.1230001   7.1230001   9.1230001  
    10.123      11.123      11.123      11.123      11.123      10.123  
 8.1230001   6.1230001   4.1230001       1.123       0.123  -2.8770001  
-5.8769999  -7.8769999     -10.877     -12.877     -13.877     -14.877  
   -15.877     -14.877     -13.877     -12.877     -10.877  -7.8769999  
-4.8769999  -0.87699997   2.1229999   6.1230001   9.1230001      13.123  
 16.122999   18.122999   20.122999   21.122999   22.122999   21.122999  
 19.122999   17.122999      14.123      10.123   5.1230001       0.123  
-3.8770001  -8.8769999     -13.877  -18.877001  -22.877001  -25.877001  
-28.877001  -29.877001  -29.877001  -28.877001  -25.877001  -21.877001  
-17.877001     -11.877  -4.8769999       1.123   8.1230001      15.123  
 22.122999   28.122999   33.123001   38.123001   40.123001   41.123001  
 41.123001   39.123001   35.123001   29.122999   22.122999      14.123  
 5.1230001  -3.8770001     -13.877  -23.877001  -32.876999  -40.876999  
-47.876999  -52.876999  -55.876999  -56.876999  -55.876999  -51.876999  
-45.876999  -37.876999  -26.877001     -15.877  -2.8770001      10.123  
 23.122999   37.123001   49.123001   60.123001   68.123001   75.123001  
 78.123001   78.123001   75.123001   69.123001   60.123001   48.123001  
 33.123001   17.122999       0.123  -18.877001  -37.876999  -55.876999  
-71.876999  -85.876999  -96.876999    -103.877    -107.877    -106.877  
  -101.877  -91.876999  -77.876999  -59.876999  -38.876999     -15.877  
 8.1230001   34.123001   59.123001   83.123001     105.123     123.123  
   137.123     146.123     149.123     146.123     137.123     122.123  
   101.123   75.123001   45.123001      12.123  -21.877001  -56.876999  
-91.876999    -123.877    -151.877    -174.877    -191.877    -201.877  
  -203.877    -197.877    -182.877    -159.877    -128.877  -91.876999  
-49.876999  -2.8770001   44.123001   93.123001     139.123     182.123  
   219.123     249.123   269.12299   280.12299   279.12299   267.12299  
   243.123     208.123     164.123     110.123   50.123001     -12.877  
-79.876999    -145.877    -208.877  -265.87701  -313.87701  -351.87701  
-375.87701  -385.87701  -379.87701  -358.87701  -321.87701  -269.87701  
  -204.877    -127.877  -43.876999   45.123001     137.123     227.123  
 311.12299   386.12299   449.12299   495.12299   523.12299   530.12299  
 516.12299   480.12299   423.12299   346.12299     252.123     144.123  
 25.122999  -98.876999    -224.877  -346.87701  -459.87701  -557.87701  
-636.87701  -693.87701  -723.87701  -725.87701  -697.87701  -639.87701  
-552.87701  -439.87701  -304.87701    -150.877      15.123     187.123  
 359.12299   524.12299   673.12299   801.12299   902.12299   969.12299  
 999.12299   990.12299   939.12299   848.12299   718.12299   554.12299  
 359.12299     142.123  -88.876999  -326.87701  -560.87701  -781.87701  
-979.87701   -1144.877   -1270.877   -1348.877   -1374.877   -1345.877  
 -1259.877   -1117.877  -924.87701  -685.87701  -408.87701    -103.877  
   218.123   544.12299   862.12299    1157.123    1417.123    1629.123  
  1784.123    1871.123    1885.123    1822.123    1681.123    1466.123  
  1181.123   836.12299   443.12299      15.123  -429.87701  -876.87701  
 -1305.877   -1699.877   -2038.877   -2308.877   -2494.877   -2585.877  
 -2574.877   -2456.877   -2232.877   -1908.877   -1491.877  -996.87701  
-440.87701     156.123   771.12299    1381.123    1958.123    2479.123  
  2920.123    3259.123    3478.123    3562.123    3504.123    3300.123  
  2951.123    2467.123    1861.123    1154.123   371.12299  -459.87701  
 -1305.877   -2133.877   -2907.877   -3594.877   -4161.877   -4581.877  
 -4829.877   -4889.877   -4751.877   -4412.877   -3877.877   -3161.877  
 -2285.877   -1280.877    -180.877   971.12299    2131.123    3252.123  
  4285.123    5184.123    5908.123    6418.123    6686.123    6690.123  
  6419.123    5874.123    5064.123    4013.123    2753.123    1329.123  
  -207.877   -1800.877   -3384.877   -4895.877   -6267.877   -7437.877  
 -8350.877   -8958.877   -9222.877   -9119.877   -8636.877   -7778.877  
 -6565.877   -5033.877   -3230.877   -1220.877   921.12299    3114.123  
  5270.123    7298.123    9110.123   10622.123   11760.123   12462.123  
 12680.123   12386.123   11571.123   10247.123    8447.123    6225.123  
  3657.123   832.12299   -2142.877   -5152.877   -8075.877  -10786.877  
-13166.877  -15102.877  -16498.877  -17273.877  -17371.877  -16758.877  
-15431.877  -13416.877  -10765.877   -7563.877   -3919.877   36.123001  
  4153.123    8270.123   12217.123   15825.123   18930.123   21386.123  
 23065.123   23864.123   23716.123   22587.123   20483.123   17450.123  
 13576.123    8983.123    3832.123   -1686.877   -7366.877  -12976.877  
-18285.877  -23060.877  -27085.877  -30163.877  -32128.877  -32854.879  
-32259.877  -30314.877  -27043.877  -22525.877  -16896.877  -10340.877  
 -3088.877    4587.123   12392.123   20010.123   27120.123   33408.121  
 38583.121   42385.121   44602.121   45078.121   43720.121   40510.121  
 35502.121   28830.123   20697.123   11378.123    1207.123   -9431.877  
-20122.877  -30426.877  -39905.879  -48135.879  -54726.879  -59339.879  
-61704.879  -61631.879  -59022.879  -53879.879  -46310.879  -36526.879  
-24837.877  -11645.877    2567.123   17262.123   31853.123   45737.121  
 58314.121   69012.125   77316.125   82784.125   85076.125   83966.125  
 79360.125   71301.125   59981.121   45728.121   29009.123   10408.123  
 -9386.877  -29612.877  -49455.879  -68084.875  -84683.875  -98486.875  
-108810.88  -115089.88  -116896.88  -113974.88  -106248.88  -93836.875  
-77056.875  -56417.879  -32609.877   -6479.877   20993.123   48737.121  
 75622.125   100508.12   122289.12   139942.12   152573.12   159453.12  
 160065.12   154123.12   141602.12   122746.12   98068.125   68342.125  
 34581.121   -1991.877  -39991.879  -77914.875  -114199.88  -147286.88  
-175685.88  -198035.88  -213167.88  -220163.88  -218400.88  -207587.88  
-187798.88  -159475.88  
