FDSN:XX_TEST__H_H_Z, version 1, 4059 bytes (format: 3)
             start time: 2022-06-05T20:32:38.123456789Z (156)
      number of samples: 500
       sample rate (Hz): 100
                  flags: [00000000] 8 bits
                    CRC: 0x275FC7BD
    extra header length: 0 bytes
    data payload length: 4000 bytes
       payload encoding: 64-bit float (IEEE double) (val: 5)
Data:
     0.123       2.123       4.123       5.123       7.123       9.123  
    10.123      11.123      11.123      11.123      11.123      10.123  
     8.123       6.123       4.123       1.123       0.123      -2.877  
    -5.877      -7.877     -10.877     -12.877     -13.877     -14.877  
   -15.877     -14.877     -13.877     -12.877     -10.877      -7.877  
    -4.877      -0.877       2.123       6.123       9.123      13.123  
    16.123      18.123      20.123      21.123      22.123      21.123  
    19.123      17.123      14.123      10.123       5.123       0.123  
    -3.877      -8.877     -13.877     -18.877     -22.877     -25.877  
   -28.877     -29.877     -29.877     -28.877     -25.877     -21.877  
   -17.877     -11.877      -4.877       1.123       8.123      15.123  
    22.123      28.123      33.123      38.123      40.123      41.123  
    41.123      39.123      35.123      29.123      22.123      14.123  
     5.123      -3.877     -13.877     -23.877     -32.877     -40.877  
   -47.877     -52.877     -55.877     -56.877     -55.877     -51.877  
   -45.877     -37.877     -26.877     -15.877      -2.877      10.123  
    23.123      37.123      49.123      60.123      68.123      75.123  
    78.123      78.123      75.123      69.123      60.123      48.123  
    33.123      17.123       0.123     -18.877     -37.877     -55.877  
   -71.877     -85.877     -96.877    -103.877    -107.877    -106.877  
  -101.877     -91.877     -77.877     -59.877     -38.877     -15.877  
     8.123      34.123      59.123      83.123     105.123     123.123  
   137.123     146.123     149.123     146.123     137.123     122.123  
   101.123      75.123      45.123      12.123     -21.877     -56.877  
   -91.877    -123.877    -151.877    -174.877    -191.877    -201.877  
  -203.877    -197.877    -182.877    -159.877    -128.877     -91.877  
   -49.877      -2.877      44.123      93.123     139.123     182.123  
   219.123     249.123     269.123     280.123     279.123     267.123  
   243.123     208.123     164.123     110.123      50.123     -12.877  
   -79.877    -145.877    -208.877    -265.877    -313.877    -351.877  
  -375.877    -385.877    -379.877    -358.877    -321.877    -269.877  
  -204.877    -127.877     -43.877      45.123     137.123     227.123  
   311.123     386.123     449.123     495.123     523.123     530.123  
   516.123     480.123     423.123     346.123     252.123     144.123  
    25.123     -98.877    -224.877    -346.877    -459.877    -557.877  
  -636.877    -693.877    -723.877    -725.877    -697.877    -639.877  
  -552.877    -439.877    -304.877    -150.877      15.123     187.123  
   359.123     524.123     673.123     801.123     902.123     969.123  
   999.123     990.123     939.123     848.123     718.123     554.123  
   359.123     142.123     -88.877    -326.877    -560.877    -781.877  
  -979.877   -1144.877   -1270.877   -1348.877   -1374.877   -1345.877  
 -1259.877   -1117.877    -924.877    -685.877    -408.877    -103.877  
   218.123     544.123     862.123    1157.123    1417.123    1629.123  
  1784.123    1871.123    1885.123    1822.123    1681.123    1466.123  
  1181.123     836.123     443.123      15.123    -429.877    -876.877  
 -1305.877   -1699.877   -2038.877   -2308.877   -2494.877   -2585.877  
 -2574.877   -2456.877   -2232.877   -1908.877   -1491.877    -996.877  
  -440.877     156.123     771.123    1381.123    1958.123    2479.123  
  2920.123    3259.123    3478.123    3562.123    3504.123    3300.123  
  2951.123    2467.123    1861.123    1154.123     371.123    -459.877  
 -1305.877   -2133.877   -2907.877   -3594.877   -4161.877   -4581.877  
 -4829.877   -4889.877   -4751.877   -4412.877   -3877.877   -3161.877  
 -2285.877   -1280.877    -180.877     971.123    2131.123    3252.123  
  4285.123    5184.123    5908.123    6418.123    6686.123    6690.123  
  6419.123    5874.123    5064.123    4013.123    2753.123    1329.123  
  -207.877   -1800.877   -3384.877   -4895.877   -6267.877   -7437.877  
 -8350.877   -8958.877   -9222.877   -9119.877   -8636.877   -7778.877  
 -6565.877   -5033.877   -3230.877   -1220.877     921.123    3114.123  
  5270.123    7298.123    9110.123   10622.123   11760.123   12462.123  
 12680.123   12386.123   11571.123   10247.123    8447.123    6225.123  
  3657.123     832.123   -2142.877   -5152.877   -8075.877  -10786.877  
-13166.877  -15102.877  -16498.877  -17273.877  -17371.877  -16758.877  
-15431.877  -13416.877  -10765.877   -7563.877   -3919.877      36.123  
  4153.123    8270.123   12217.123   15825.123   18930.123   21386.123  
 23065.123   23864.123   23716.123   22587.123   20483.123   17450.123  
 13576.123    8983.123    3832.123   -1686.877   -7366.877  -12976.877  
-18285.877  -23060.877  -27085.877  -30163.877  -32128.877  -32854.877  
-32259.877  -30314.877  -27043.877  -22525.877  -16896.877  -10340.877  
 -3088.877    4587.123   12392.123   20010.123   27120.123   33408.123  
 38583.123   42385.123   44602.123   45078.123   43720.123   40510.123  
 35502.123   28830.123   20697.123   11378.123    1207.123   -9431.877  
-20122.877  -30426.877  -39905.877  -48135.877  -54726.877  -59339.877  
-61704.877  -61631.877  -59022.877  -53879.877  -46310.877  -36526.877  
-24837.877  -11645.877    2567.123   17262.123   31853.123   45737.123  
 58314.123   69012.123   77316.123   82784.123   85076.123   83966.123  
 79360.123   71301.123   59981.123   45728.123   29009.123   10408.123  
 -9386.877  -29612.877  -49455.877  -68084.877  -84683.877  -98486.877  
-108810.877  -115089.877  -116896.877  -113974.877  -106248.877  -93836.877  
-77056.877  -56417.877  -32609.877   -6479.877   20993.123   48737.123  
 75622.123  100508.123  122289.123  139942.123  152573.123  159453.123  
160065.123  154123.123  141602.123  122746.123   98068.123   68342.123  
 34581.123   -1991.877  -39991.877  -77914.877  -114199.877  -147286.877  
-175685.877  -198035.877  -213167.877  -220163.877  -218400.877  -207587.877  
-187798.877  -159475.877  
